image: 512 x 512
repeats: 1000
gray: 1
level: 16
taux: 0.166667
taul: 0.500000
sigmay: 0.052632
sigmap: 1.000000
lambda: 0.110000
nu: 0.010000
GPU Memory: 2146762752 - 346791936 = 1.799971 GB
time: 156.519745 s
