image: 512 x 512
repeats: 100
gray: 1
level: 4
taux: 0.166667
taul: 0.500000
sigmay: 0.142857
sigmap: 1.000000
lambda: 0.100000
nu: 0.001000
GPU Memory: 2146762752 - 1505812480 = 0.640950 GB
time: 2.100620 s
