image: 128 x 128
repeats: 400
gray: 1
level: 8
taux: 0.288675
sigmap: 0.288675
lambda: 0.110000
nu: 0.001000
GPU Memory: 2146762752 - 1514201088 = 0.632562 GB
time: 243.178284 s
