image: 127 x 127
repeats: 100
gray: 1
level: 4
taux: 0.166667
taul: 0.500000
sigmay: 0.142857
sigmap: 1.000000
lambda: 0.100000
nu: 0.001000
GPU Memory: 2146762752 - 1604386816 = 0.542376 GB
time: 0.133144 s
