image: 512 x 512
repeats: 100
gray: 1
level: 4
taux: 0.288675
sigmap: 0.288675
lambda: 0.110000
nu: 0.010000
GPU Memory: 2146762752 - 1275117568 = 0.871645 GB
time: 16.775082 s
