image: 560 x 398
repeats: 10000
gray: 1
level: 16
taux: 0.166667
taul: 0.500000
sigmay: 0.052632
sigmap: 1.000000
lambda: 0.100000
nu: 0.010000
GPU Memory: 2146762752 - 566214656 = 1.580548 GB
time: 1346.756714 s
