image: 560 x 398
repeats: 100
gray: 1
level: 4
taux: 0.288675
sigmap: 0.288675
lambda: 0.110000
nu: 0.010000
GPU Memory: 2146762752 - 1324662784 = 0.822100 GB
time: 14.895029 s
