image: 128 x 128
repeats: 100
gray: 1
level: 4
taux: 0.288675
sigmap: 0.288675
lambda: 0.110000
nu: 0.010000
GPU Memory: 2146762752 - 1592852480 = 0.553910 GB
time: 0.877734 s
