image: 128 x 128
repeats: 10000
gray: 1
level: 16
taux: 0.166667
taul: 0.500000
sigmay: 0.052632
sigmap: 1.000000
lambda: 0.100000
nu: 0.010000
GPU Memory: 2146762752 - 1471987712 = 0.674775 GB
time: 51.260971 s
